50







5457
.






45







4952
.






47







5054
.






42







4549
.






43







4750
.






38







4245
.






43







4750
.






45







4952
.






50







5457
.






45







4952
.






47







5054
.






42







4549
.






43







4750
.






38







4245
.






43







4750
.






45







4952
.






50







5457







45







4952







47







5054







42







4549







43







4750







38







4245







43







4750







45







4952







50

57

62

66

62

57

50

57

45

52

57

61

57

52

45

52

47

54

59

62

59

54

47

54

42

49

54

57

54

49

42

49

43

50

55

59

55

50

43

50

38

45

50

54

50

45

38

45

43

50

55

59

55

50

43

50

45

52

57

61

57

52

45

52

50

57

62

66

62

57

50

57

45

52

57

61

57

52

45

52

47

54

59

62

59

54

47

54

42

49

54

57

54

49

42

49

43

50

55

59

55

50

43

50

38

45

50

54

50

45

38

45

43

50

55

59

55

50

43

50

45

52

57

61

57

52

45

52

50

57

62

66

62

57

50

57

45

52

57

61

57

52

45

52

47

54

59

62

59

54

47

54

42

49

54

57

54

49

42

49

43

50

55

59

55

50

43

50

38

45

50

54

50

45

38

45

43

50

55

59

55

50

43

50

45

52

57

61

57

52

45

52

50

57

62

66

62

57

50

57

45

52

57

61

57

52

45

52

47

54

59

62

59

54

47

54

42

49

54

57

54

49

42

49

43

50

55

59

55

50

43

50

38

45

50

54

50

45

38

45

43

50

55

59

55

50

43

50

45

52

57

61

57

52

45

52

50

57

62

66

62

57

50

57

45

52

57

61

57

52

45

52

47

54

59

62

59

54

47

54

42

49

54

57

54

49

42

49

43

50

55

59

55

50

43

50

38

45

50

54

50

45

38

45

43

50

55

59

55

50

43

50

45

52

57

61

57

52

45

52

50
57
50
57
62
69
74
81
86
90
86
90
86
81
74
69
45
52
45
52
57
64
69
76
81
85
81
85
81
76
69
64
47
54
47
54
59
66
71
78
83
86
83
86
83
78
71
66
42
49
42
49
54
61
66
73
78
81
78
81
78
73
66
61
43
50
43
50
55
62
67
74
79
83
79
83
79
74
67
62
38
45
38
45
50
57
62
69
74
78
74
78
74
69
62
57
43
50
43
50
55
62
67
74
79
83
79
83
79
74
67
62
45
52
45
52
57
64
69
76
81
85
81
85
81
76
69
64
50

57

62

66

6278
6678
6278
5778
5078

57

45

52

57

61

5773
6173
5773
5273
4573

52

47

54

59

62

5974
6274
5974
5474
4774

54

42

49

54

57

5469
5769
5469
4969
4269

49

43

50

55

59

5571
5971
5571
5071
4371

50

38

45

50

54

5066
5466
5066
4566
3866

45

43

50

55

59

5571
5971
5571
5071
4371

50

45

52

57

61

5773
6173
5773
5273
4573

52

50



57



62



66



45



52



57



61



47



54



59



62



42



49



54



57



43



50



55



59



38



45



50



54



43



50



55



59



45



52



57



61



50



57



62



66



45



52



57



61



47



54



59



62



42



49



54



57



43



50



55



59



38



45



50



54



43



50



55



59



45



52



57



61



50



57



62



66



45



52



57



61



47



54



59



62



42



49



54



57



43



50



55



59



38



45



50



54



43



50



55



59



45



52



57



61



50







62
.






45







57
.






47







59
.






42







54
.






43







55
.






38







50
.






43







55
.






45







57
.






50







62
.






45







57
.






47







59
.






42







54
.






43







55
.






38







50
.






43







55
.






45







57
.






50







.







45







.







47







.







42







.







43







.







38







.







43







.







45







.







50







54
.


50
.


45







49
.


45
.


47







50
.


47
.


42







45
.


42
.


43







47
.


43
.


38







42
.


38
.


43







47
.


43
.


45







49
.


45
.


50







54
.


50
.


45
.


49
.


52
.


57
.


47







50
.


47
.


42
.


45
.


49
.


54
.


43







47
.


43
.


38
.


42
.


45
.


50
.


43







47
.


43
.


45
.


49
.


52
.


57
.


50







54
.


50
.


45







49
.


45
.


47







50
.


47
.


42







45
.


42
.


43







47
.


43
.


38







42
.


38
.


43







47
.


43
.


45







49
.


45
.


50







54
.


50
.


45







50
.


54
.


50















