78







74
.






76







73
.






74







71
.






73







69
.






71







67
.






69







66
.






71







67
.






73







69
.






78







74
.


8486888991939596
.


76







73
.


8486888991939596
.


74







71
.


8486888991939596
.


73







69
.


8486888991939596
.


71







67
.


7274767779818384
.


69







66
.


7274767779818384
.


71







67
.


7274767779818384
.


73







69
.


7274767779818384
.


78







74



869093



76







73



858893



74







71



869095



73







69



859093



71







67



869195



69







66



869093



71







67



869195



73







69



858893



.































































































































74







78







81







79







78







74







78







76







74







71







74







81







79







83







81







79







78







74







76







73







74







78







81







69







71







67







69







66







62







74







74
76
74
76
74
76
74
76
74333740454952576164697376818588
.


73
.


74



73



74



62



61



69



64



66



62



74



73



71



73



78



81



83



79



78



76



79



78



76



74



73



71



69



67



66



64



67



66



64



62



64



66



67



69



64



69



67



66



71



69



67



69



67



66



64



62



59



71



73



74



73



71



69



67



66



64



71



69
71
69
71
69
71
69
71
69333740454952576164697376818588







50545762















54495257















47505459















42454954















43475055















38424550















43475055















45495257















50
50
50
50
50











45
45
45
45
45











47
47
47
47
47











42
42
42
42
42











43
43
43
43
43











38
38
38
38
38











43
43
43
43
43











45
45
45
45
45











.































































































































7480







7884







8187







7985







7884







7480







7884







7682







7480







7177







7480







8187







7985







8389







8187







7985







78



74

76

78



76

74

76

73

74

76

78

76

74

73

74



71

73

74



66

67

69

71

69

67

69

74

73

74

71



74

73

71



69

67

69

67

66

67

69

71

73

74

71



74

73

74



73

71

73

74

76

74

73

74

71

73

74
.


78



79



78



76
.


64



66



64



62
.


54



50



59



57
.


69



67



69



71
.


83



85



83



81
.


69



67



69



71
.


59



57



59



61
.


73



74



76



78



74



76



74



73
.


61



62



61



59
.


71



69



71



73
.


85



90



88



86
.


74



76



79



78
.


62



57



62



59
.


79



78



79



76
.


85



83



85



8674







78
.






73







76
.






71







74
.






69







73
.






67







71
.






66







69
.






67







71
.






69







73
.






74
74
74
74
74
74
74
74
78
.






73
73
73
73
73
73
73
73
76
.






71
71
71
71
71
71
71
71
74
.






69
69
69
69
69
69
69
69
73
.






67
67
67
67
67
67
67
67
71
.






66
66
66
66
66
66
66
66
69
.






67
67
67
67
67
67
67
67
71
.






69
69
69
69
69
69
69
69
73
.






74
74
74
74
74
74
74
74
78
.






73
.


76
.


81
.


85
.


71
71
71
71
71
71
71
71
74
.






69
.


73
.


78
.


81
.


67
67
67
67
67
67
67
67
71
.






66
.


69
.


74
.


78
.


67
67
67
67
67
67
67
67
71
.






69
.


73
.


76
.


81
.


































































































































.















































