50



57



62



66



69



64



61



57



59



62



66



71



73



66



61



54



55



59



62



67



69



62



57



50



55



59



62



67



69



64



61



57



50



57



62



66



69



64



61



57



59



62



66



71



73



66



61



54



55



59



62



67



69



62



57



50



55



59



62



67



69



64



61



57



50



57



62



66



69



64



61



57



59



62



66



71



73



66



61



54



55



59



62



67



69



62



57



50



55



59



62



67



69



64



61



57



50















57















59















54















55















50















55















57















5038





57

6266

67

66

5764

574564





52

5761

62

64

5262

594769





66

7174

73

71

6673

544269





61

6669

71

73

6174

554374





62

6771

69

67

6269

503869





57

6266

67

69

5769

554371





62

6771

69

67

6269

574569





52

5761

59

57

5257

5038





57

6266

67

66

5764

574564





52

5761

62

64

5262

594769





66

7174

73

71

6673

544269





61

6669

71

73

6174

554374





62

6771

69

67

6269

503869





57

6266

67

69

5769

554371





62

6771

69

67

6269

574569





52

5761

59

57

5257

5038





57

6266

67

66

5764

574564





52

5761

62

64

5262

594769





66

7174

73

71

6673

544269





61

6669

71

73

6174

554374





62

6771

69

67

6269

503869





57

6266

67

69

5769

554371





62

6771

69

67

6269

574569





52

5761

59

57

5257

50

57

62

66

62

57

50

57

57

64

69

73

69

64

57

64

59

66

71

74

71

66

59

66

54

61

66

69

66

61

54

61

55

62

67

71

67

62

55

62

50

57

62

66

62

57

50

57

55

62

67

71

67

62

55

62

57

61

64

69

73

69

64

61

38

45

5054

62

69

7478

7874

74

45

52

5761

69

76

8185

8581

76

47

50

5459

59

62

6671

7166

62

42
49
5457
54
61
6966
66
73
7881
78
85
9093
9390
85
78
78
43313835
47
38
50
4347
59
47
59
50
62
5559
71
59
71
62
74
385045
57
57
69
6266
78
74
86
81
93
8690
102
90
102
74
86
43313538
43
50
62
5559
71
59
71
62
84
6771
83
7167
79
62
74
45333740
52
52
64
5761
73
61
73
64
76
6973
85
7369
81
64
76
26
30
33
38
42
45
50
54
57
62
66
69
74
78
81
81
33
37
40
45
49
52
57
61
64
69
73
76
81
85
88
93
35
38
42
4247
50
54
5459
62
66
6671
74
78
7883
86
90
90
90
85
78
7881
73
66
6669
61
54
5457
49
42
4245
37
30
30
31
35
38
43
47
50
55
59
62
67
71
74
79
83
86
86
26
30
33
38
42
45
50
54
57
62
6657
6954
7450
7845
8142
8638
3186
3583
3879
4374
4771
5067
5962
59
55
50
47
43
434750



333740

374045





404549

454952



454952

5038



.

545762

62666974
.


6266
.


4533



.

495257

57616469
.


5761



4735



.

505459

59626671
.


5962



4230



.

454954

54576166
.


5457



4331



.

475055

55596267
.


5559



2638



.

424550

50545762
.


5054



4331



.

475055

55596267
.


5559



4533



.

495257

57616469
.


5761



5038



.

545762

62666974
.


6266
.


4533



.

495257

57616469
.


5761



4735



.

505459

59626671
.


5962



4230



.

454954

54576166
.


5457



4331



.

475055

55596267
.


5559



2638



.

424550

50545762
.


5054



4331



.

475055

55596267
.


5559



4533



.

495257

57616469
.


5761



5062
45
3833

5769
52
4540

6274
57
5045

6678
62
5754

69
61
64
61
64
57
61
57
61
52
57
52
57
49
52
49
5971
54
4742

6274
59
5047

6678
62
5450

7183
66
6259

73
66
69
66
66
57
61
57
61
54
57
54
54
45
49
45
5567
50
4338

5971
55
4743

6274
59
5047

67
62
5950

69
62
66
62
62
54
57
54
57
50
54
50
50
42
45
42
5567
50
4338

5971
55
4743

62
55
5047

67
62
5550

69
73
76
81
64
57
61
57
61
52
57
52
57
49
52
49
74788186







66697478







61646973





7685

81

76

73

76

747883







626671







57616669





8173

78

73

69

73

67717479







596267







54576266







66697478







55596267







67717479







61646973















.
































































































































.