2630333874788186































































































































78















76















74















73















71















69















71















73















7826



33



38



42



7645



40



37



33



7435



38



42



47



7349



42



37



30



7131



35



38



43



6945



38



33



26



7131



35



38



43



7345



49
61
73
85
52
64
86
98
57
69
93

7874















7673















7471















7369















7167















6966















7167















7369















7874















7673















7471















7369















7167















6966















7167















7369















78



74



76



74



73







74



73



71



71



69



71



61



















74



76



79



78







74







71



79



78



79



76







78







7890



7486



7688



7486



7385







7486



7385



7183



7183



6981



7183



6173



















7486



7688



7991



7890







7486







7183



7991



7890



7991



7688
81
69
57
45
45
57
69
7890
76
73
69
64
63
57
57
78
74
69
66
62
57
54
50
54
57
62
66
69
74
76
78
76
73
69
64
61
57
52
49
45
52
57
61
64
69
73
73
74
78
71
74
66
71
62
66
59
62
59
54
66
71
74
78
73
69
66
61
57
54
49
45
42
45
49
54
57
61
66
69
.
74
79
83
79
74
71
67
62
59
55
50
47
43
55
67
69
66
62
66
62
57
62
57
54
57
54
50
54
50
45
57
71
74
79
83
79
74
71
67
62
59
55
50
47
43
38
38
73
76
81
57
45
69
45
81
45
33
69
57
57
69
81
45
78



78



79



78



76







78



76



74



66



62



71



69







67



69



71







73



71



69







67



69



71



71



69



71



73



73



74



76



78



74



76



74



73







74



73



71



71



69



71



73



















74



76



79



78







74






71



79




78



79



76



73



71



73







74

76

78



74



6973

.

73

74

76
.


73



7166



74

76

78
.
74


.
78





78

76

74
.


73



71
.


71

69

716755



736654



69746250



78

76

74
.


78



79



74

73

71
.


71



69
.


69

67

66



64







7486

7688

7890



7486



697385

.

7385

7486

7688
.


7385



716678



7486

7688

7890
.
7486


.
7890





7890

7688

7486
.


7385



7183
.


7183

6981

71675567



73665466



6974625062



7890

7688

7486
.


7890



7991



7486

7385

7183
.


7183



6981
.


6981

6779

6678



6476



62



64



66



67



69



64



69



67



66



71



69



67



69



67



66



64



62



59



71



73



74



73



71



69



67



66



64



71



69



71



69



67



81



78

79

81



78

79

81

69

71

73

74

76

78

79

78



74

76

78



66

67

69

71

69

67

69

74

73

74

71



74

73

71



69

67

69

67

66

67

69

71

73

74

71



74

73

74



73

71

73

74

76

74

73

74

71

73

2021222324252627282930313233343536373839404142434445464748495051525354555657585960616263646566676869707172737475767778798081828384858687888990919293949596979899
































































































































.